1.238584 0.5343524 1.27302 0.7008766 1.465074 1.542564 -0.7168352 0.5536747 -1.861624
0.8286417 1.310246 1.619374 0.6344923 -0.01096322 0.07766418 0.1550904 0.1874294 1.322521
-0.9797627 -1.032372 -1.056663 0.9246341 0.5621391 0.3057801 0.6725038 0.8679053 0.09014935
-0.7234468 -0.618849 -1.724232 -1.56524 -0.9647044 -0.9246941 0.7988147 0.3262567 -0.779362
0.8246681 0.5490439 -0.1031124 0.4452003 0.2331884 1.100517 0.3892324 0.1884763 0.8497773
-0.03091291 0.5045773 0.2773432 -0.8765913 -0.1231391 0.1744141 0.4451606 0.408012 0.225973
-0.4864924 0.4549405 0.7091373 -0.1586742 0.2332642 0.2263541 0.1124128 0.7527886 0.2044978
-1.236617 -0.8427261 -1.035724 1.243809 0.1610752 0.1422696 -0.9598852 -1.28587 -1.872661
0.09309105 0.7136197 0.8036991 -1.131499 -0.1764934 -0.4122845 0.3795467 0.1630837 0.08741238
0.2287884 0.7207075 0.7460376 1.196943 0.5104696 -0.05307951 2.183223 1.91564 1.891658
0.7050304 0.7136391 0.4261574 -0.1531652 0.3721543 0.1151339 1.559534 2.53893 0.8470231
1.624722 1.033031 0.04256661 0.4554312 -0.669658 -0.4563046 -0.4862276 -0.01782634 -0.6738478
-1.63593 -0.9437335 0.6970496 0.535641 -0.7576571 -0.3576261 -0.8040345 -0.5412395 -0.08286178
-1.011829 -1.155509 -0.8050513 1.191794 1.091276 0.3997459 0.2356382 -0.3396644 0.2611492
0.6898932 0.2167621 0.5790278 -0.01443617 0.3280406 0.3563701 2.072236 1.960695 2.228151
-1.233647 -1.245952 -1.303482 0.001579048 0.7809251 0.6403537 0.1638789 0.2610854 -0.3905456
-0.4835007 0.1387479 0.3941782 -0.4088743 0.8988207 -0.5492955 0.02084061 0.9151789 -0.1076405
-0.372946 -0.5796079 0.3683221 0.6631285 1.183728 1.03274 -0.7629025 -1.046122 -0.5268001
0.7829274 0.9879146 0.5943786 1.184368 0.6735983 1.024712 2.080186 2.622236 3.021935
0.2831428 -0.6349976 -0.6836955 -0.2110338 0.07704531 -1.370927 0.2995512 0.3989086 0.242613
-3.305438 -4.387768 -3.290297 -1.706977 -1.626433 -1.716637 -1.269732 -1.112473 -1.760513
0.9176669 -0.1103637 0.6381035 1.379699 1.8316 0.7258626 1.04654 1.10369 0.5333988
-0.874197 -1.506819 -1.40893 -0.7824917 -1.055582 -0.122993 -0.07477261 0.6911833 -0.318007
-0.8348666 -0.6055935 0.3134413 -1.789008 -1.407892 -1.5223 0.1607789 -0.1297241 -0.4560981
1.652179 1.197183 0.2180912 0.3183003 0.5347759 -1.197934 0.1626117 0.3454393 0.8983623
0.005798528 -0.3802018 -0.9937525 0.002455886 -0.2444391 0.6520034 -1.236178 -1.225695 -0.411975
0.9099413 0.889551 0.7758001 2.602839 3.11052 3.149873 0.007107785 1.355217 0.8065513
0.08243553 -0.2916981 0.4017405 0.7960495 1.323147 0.01638782 -1.419307 -1.420015 -1.413893
0.9084202 -0.6998135 -0.4898475 -0.6297798 -1.899692 -0.6546691 -0.4914117 -1.234208 0.4887632
-1.55387 -1.697487 -0.4634853 0.6907015 -0.4763311 -0.7367793 -1.270626 -1.636044 -0.7627414
-1.317172 -0.833463 -0.1095883 0.6325668 -0.02515455 1.698741 0.7869761 -0.2287366 -0.03655033
0.1123937 -0.5519588 -0.8490011 -0.2255482 -0.6931006 0.1907223 1.104177 -0.1818771 -0.5402484
1.985125 2.057296 1.963245 -0.543247 -1.296591 -0.09195394 0.3107358 1.451191 1.527599
-1.124884 -0.7002961 -0.316637 -0.1586111 1.020628 1.373876 1.585951 0.6183148 0.7999958
1.557078 1.125572 0.4350294 1.588084 1.052091 1.19279 1.831348 0.9918617 1.392504
-0.2430595 0.3267376 1.073291 -0.02529665 -0.9279776 -0.4819629 -0.2522788 -0.1965765 -0.2276744
0.8439871 0.7196945 0.3288365 -0.7283704 0.01559098 0.1478801 0.7676285 0.9496755 -0.1884922
-1.431008 -0.7723171 -1.333007 -1.174501 -0.3736403 0.5993739 -1.569762 -2.002332 -1.598007
2.37602 2.182849 1.615487 0.5711756 0.7632823 0.9701112 -0.1015884 -0.8559159 -0.01789231
1.032231 0.3626079 0.1567416 0.5385279 1.565832 0.3406125 0.6156063 0.5589799 1.278958
-0.3230955 -0.331707 -0.04549782 1.033171 -0.3023015 0.8621985 1.247408 1.379809 0.7593709
-1.135209 -0.5845685 0.05475772 -2.469929 -1.505015 -1.056331 -0.9615413 -0.499469 -0.8033823
0.3698303 -0.7760297 0.5330568 0.9818907 -0.1892146 1.165619 -0.6420382 -1.217273 -0.7386869
0.3511536 0.8109755 0.7195641 -0.3966159 0.04047042 -1.389753 0.4786791 0.2683916 0.2364345
0.6376137 -0.2634461 -0.7017214 0.2245585 1.13916 0.9743349 0.1754111 -0.501511 0.02756469
-0.7916891 -1.434251 -2.300932 -1.023268 -0.5995178 -1.687639 -1.269127 -1.268633 -1.631765
0.3093538 0.9096409 0.1054918 0.02299819 -0.8053634 -1.008739 0.5564324 0.2799959 0.6990617
0.5611115 0.2693408 -0.5766059 -0.8284941 -0.8592381 0.04056988 0.4128129 0.3467416 -0.1092808
0.7164896 2.063432 1.497904 1.42888 1.618034 0.09927292 1.595825 0.3815263 1.345008
-0.0518328 -0.2544165 0.03103865 1.076019 -0.1648224 0.3977137 1.958541 2.189063 1.630891
-0.08536816 1.021719 0.1535938 0.7086761 -0.3262767 0.7079883 -0.4208317 -1.621577 -1.281719
0.03869872 1.125222 0.5839755 0.02918331 0.4179747 1.020975 -0.3962753 1.811814 2.180397
-0.5408199 0.1980653 0.1784 -0.4798635 -0.633373 -1.569359 -1.877738 -0.6497008 0.06727377
1.724355 1.524887 0.4760293 -0.1620745 0.1849399 -0.9260483 2.65307 1.792985 0.7286576
-0.5410306 -0.3292067 -0.5796755 0.2370704 0.298109 0.06614306 -0.5962126 1.129596 0.4847798
-0.3779398 -0.2015242 -1.079503 0.2571547 -0.3225551 0.4873293 -1.649805 -1.721021 -2.497093
1.963533 2.16304 0.3216609 2.673873 1.060269 1.48029 1.396956 1.366019 0.9900681
-0.5273983 -0.3784434 -0.1648653 0.3908765 -0.3374968 -0.4651496 -0.5677697 0.6041237 -0.1170203
-3.533063 -2.896709 -2.748977 -1.673407 -2.092205 -1.210971 -2.921913 -1.305973 -1.244727
1.605281 0.5569504 0.8634313 0.5927787 1.504041 0.8715001 -0.5900575 -0.2565766 -0.3619027
-1.018925 -0.7691973 -0.6749882 0.8519601 0.6365797 -0.9610312 -0.3787016 -0.3837845 -0.1059094
-0.605316 0.2161874 -0.625984 0.06693489 1.326278 0.5356952 1.459866 0.3757793 0.8598915
-1.586445 -0.8580394 -1.012151 -2.419842 -1.539462 -1.985616 0.5396035 0.8507637 0.733291
0.1655575 -0.03597472 -0.395947 -0.7310837 -0.9652407 -1.386458 -1.317121 -2.352561 -1.185145
0.8453562 1.250049 1.37322 0.02504984 -0.4459897 -0.8063856 -0.1741569 -0.2447092 -0.0002593037
-0.1596995 0.5862718 0.1256068 -0.5986082 -0.2811077 -0.3550447 0.3643242 -0.02504139 -0.6389926
0.1703789 -0.3862065 1.610258 0.5459709 -0.0121729 1.027468 0.2068573 -0.09295471 0.7084766
-0.5148529 -0.1230236 -0.6475393 -1.129848 -1.26409 -2.63816 -2.157989 -1.253074 -1.7488
1.389526 0.9565372 2.138022 -0.03939422 1.383844 -0.6522653 -1.244556 -0.5879184 -0.2329195
0.5461872 0.1339845 0.371582 -0.1791889 -0.4213204 -0.04517583 -0.4466674 0.2012339 -0.5381683
-0.2990583 0.3451804 0.8826307 1.546873 2.122454 0.5132643 1.565247 1.300981 2.268934
0.6445272 0.03970611 0.1100948 -0.8504707 -0.4326292 -0.2352839 -0.8273692 -0.8815562 -1.806481
-0.7476871 0.2451341 0.6901679 -0.9065348 -0.4636481 -0.14253 0.281956 0.5012756 0.1028836
-0.5876734 -1.377743 -1.006004 -0.8770347 -1.403797 -1.209971 -0.7906892 -1.430127 -1.444355
1.122021 0.1545488 0.3409327 1.167247 1.112785 0.9000155 -0.7683287 -0.8942747 -1.244692
0.5096051 -0.08254071 -0.6600518 0.9537966 1.675934 1.638691 -0.3466865 0.09727947 -0.1459828
0.1323147 -1.010721 -1.131079 -0.6519676 -0.4975048 -1.429366 1.142887 1.01506 0.5775835
-0.6041663 -1.468795 -1.272059 -0.6587643 -2.080998 -1.106413 -0.3201622 -1.206307 -0.5965414
-1.141619 -0.7827298 -1.057843 -1.340794 -1.148071 0.8095825 0.8197691 -0.6859649 0.03124922
-0.2702461 0.05481752 0.720583 -0.04386612 -0.6089294 -0.07238523 0.04764307 -0.2076093 -1.089743
-0.3276538 -0.4983291 -0.137323 -2.203161 -1.765281 -1.874071 0.3239928 -0.005574777 -0.3254574
0.9019046 -0.07054264 1.494308 -1.305296 -1.992567 -1.030188 -0.5394279 0.02394636 -0.6086781
0.595754 -0.9757839 0.4108353 -0.306593 0.488608 -0.9391553 0.8862432 1.251932 0.8330137
-1.220842 -0.6303724 -2.027078 -2.05254 -1.834068 -1.522471 -0.2760172 0.3522689 -0.005588825
-0.3640866 0.4839447 -0.002498867 -1.329048 -0.7376433 -1.064756 0.348828 -1.318874 0.2333333
2.077416 1.406589 2.133768 -0.7818509 -0.8454399 -0.09994766 0.1485633 0.3211541 -1.099371
0.6396296 1.129883 1.045587 -0.4410408 0.05755619 0.5156046 -0.7702201 -0.388597 -0.4678167
0.8542526 2.127902 1.357349 1.296479 2.100324 1.523497 2.537465 2.62715 3.052726
1.947475 2.967402 2.767234 0.3047406 -0.7233693 -0.13867 1.503838 1.389968 0.468527
-1.172723 -1.582733 -1.971806 -1.622313 -2.542444 -1.612136 -2.527635 -2.10099 -0.9695504
-1.30683 -2.274357 -1.84885 -1.826838 -1.05469 -1.419768 -0.9024431 -0.545299 -0.3559637
0.3423955 0.9827457 1.354879 1.900449 3.109992 1.877321 1.925658 0.3421066 1.466171
-0.6217028 -0.8389392 -1.613187 1.046029 -0.2487195 0.6166839 -0.5042088 -1.375835 -1.675153
-1.591492 -0.7726261 -1.149133 1.261575 0.7922828 -0.3021173 -0.03690371 0.8702359 0.6736914
-0.3303827 -0.8269077 -0.6993558 -0.4178743 0.4941539 1.253824 0.6721174 -0.2692736 0.8334042
-0.6883677 -1.550896 -2.331312 -0.8110812 -0.9913821 -0.2151702 -0.05520222 0.5532104 0.910362
-0.6613178 -0.4778313 -1.142895 0.4108833 -0.1634533 -0.3121267 0.1784452 -1.476747 -0.5791324
-0.6595067 -0.2655687 0.08011965 -0.2888568 -0.3798098 -0.8651821 -0.9216505 -1.86712 -0.08246856
0.01058732 -0.08422044 0.1850038 -0.7520529 -1.351637 0.2289738 1.207008 0.1970712 0.8018955
-1.237701 -2.337418 -2.786219 -1.317166 -1.287379 -1.961921 -1.870517 -0.9283593 -1.959505
